ID,Name,Age,Country
1,Alice,25,USA
2,Bob,30,UK
3,Charlie,35,Canada
